# channel base   warning_hi  warning_lo  bad_hi bad_lo  
0 	1.234    0.01        -.01        .02    -.02    
0 	3.142    0           -.142       .1     -.2     
0 	0        .1          -.6         1      -1      
0 	3        .8          -.2         1      -2      
0	-.5      1           -1          2      -2      
0	5        5           -5          10     -10     
0	42       7           -6          8      -7      
0	.243     .5          -.4         .51    -.41    
0	2.6666   .333333     -.333333    .66666 -.66666 
0	0        5           -5          5.0001 -5.0001 
0	5        .001        -.001       .01    -.01    
0	12       .1          -.1         .2     -.2     
0	1        .5          -.5         .75    -.75    
0	2        1           -1          2      -2      
0	3        1.5         -1.5        3      -3      
0	-1       1           -1          2      -2      
1 	1.234    0.01        -.01        .02    -.02    
1 	3.142    0           -.142       .1     -.2     
1 	0        .1          -.6         1      -1      
1 	3        .8          -.2         1      -2      
1	-.5      1           -1          2      -2      
1	5        5           -5          10     -10     
1	42       7           -6          8      -7      
1	.243     .5          -.4         .51    -.41    
1	2.6666   .333333     -.333333    .66666 -.66666 
1	0        5           -5          5.0001 -5.0001 
1	5        .001        -.001       .01    -.01    
1	12       .1          -.1         .2     -.2     
1	1        .5          -.5         .75    -.75    
1	2        1           -1          2      -2      
1	3        1.5         -1.5        3      -3      
1	-1       1           -1          2      -2      
2 	1.234    0.01        -.01        .02    -.02    
2 	3.142    0           -.142       .1     -.2     
2 	0        .1          -.6         1      -1      
2 	3        .8          -.2         1      -2      
2	-.5      1           -1          2      -2      
2	5        5           -5          10     -10     
2	42       7           -6          8      -7      
2	.243     .5          -.4         .51    -.41    
2	2.6666   .333333     -.333333    .66666 -.66666 
2	0        5           -5          5.0001 -5.0001 
2	5        .001        -.001       .01    -.01    
2	12       .1          -.1         .2     -.2     
2	1        .5          -.5         .75    -.75    
2	2        1           -1          2      -2      
2	3        1.5         -1.5        3      -3      
2	-1       1           -1          2      -2      
3 	1.234    0.01        -.01        .02    -.02    
3 	3.142    0           -.142       .1     -.2     
3 	0        .1          -.6         1      -1      
3 	3        .8          -.2         1      -2      
3	-.5      1           -1          2      -2      
3	5        5           -5          10     -10     
3	42       7           -6          8      -7      
3	.243     .5          -.4         .51    -.41    
3	2.6666   .333333     -.333333    .66666 -.66666 
3	0        5           -5          5.0001 -5.0001 
3	5        .001        -.001       .01    -.01    
3	12       .1          -.1         .2     -.2     
3	1        .5          -.5         .75    -.75    
3	2        1           -1          2      -2      
3	3        1.5         -1.5        3      -3      
3	-1       1           -1          2      -2      
4 	1.234    0.01        -.01        .02    -.02    
4 	3.142    0           -.142       .1     -.2     
4 	0        .1          -.6         1      -1      
4 	3        .8          -.2         1      -2      
4	-.5      1           -1          2      -2      
4	5        5           -5          10     -10     
4	42       7           -6          8      -7      
4	.243     .5          -.4         .51    -.41    
4	2.6666   .333333     -.333333    .66666 -.66666 
4	0        5           -5          5.0001 -5.0001 
4	5        .001        -.001       .01    -.01    
4	12       .1          -.1         .2     -.2     
4	1        .5          -.5         .75    -.75    
4	2        1           -1          2      -2      
4	3        1.5         -1.5        3      -3      
4	-1       1           -1          2      -2      
5 	1.234    0.01        -.01        .02    -.02    
5 	3.142    0           -.142       .1     -.2     
5 	0        .1          -.6         1      -1      
5 	3        .8          -.2         1      -2      
5	-.5      1           -1          2      -2      
5	5        5           -5          10     -10     
5	42       7           -6          8      -7      
5	.243     .5          -.4         .51    -.41    
5	2.6666   .333333     -.333333    .66666 -.66666 
5	0        5           -5          5.0001 -5.0001 
5	5        .001        -.001       .01    -.01    
5	12       .1          -.1         .2     -.2     
5	1        .5          -.5         .75    -.75    
5	2        1           -1          2      -2      
5	3        1.5         -1.5        3      -3      
5	-1       1           -1          2      -2      
6 	1.234    0.01        -.01        .02    -.02    
6 	3.142    0           -.142       .1     -.2     
6 	0        .1          -.6         1      -1      
6 	3        .8          -.2         1      -2      
6	-.5      1           -1          2      -2      
6	5        5           -5          10     -10     
6	42       7           -6          8      -7      
6	.243     .5          -.4         .51    -.41    
6	2.6666   .333333     -.333333    .66666 -.66666 
6	0        5           -5          5.0001 -5.0001 
6	5        .001        -.001       .01    -.01    
6	12       .1          -.1         .2     -.2     
6	1        .5          -.5         .75    -.75    
6	2        1           -1          2      -2      
6	3        1.5         -1.5        3      -3      
6	-1       1           -1          2      -2      
7 	1.234    0.01        -.01        .02    -.02    
7 	3.142    0           -.142       .1     -.2     
7 	0        .1          -.6         1      -1      
7 	3        .8          -.2         1      -2      
7	-.5      1           -1          2      -2      
7	5        5           -5          10     -10     
7	42       7           -6          8      -7      
7	.243     .5          -.4         .51    -.41    
7	2.6666   .333333     -.333333    .66666 -.66666 
7	0        5           -5          5.0001 -5.0001 
7	5        .001        -.001       .01    -.01    
7	12       .1          -.1         .2     -.2     
7	1        .5          -.5         .75    -.75    
7	2        1           -1          2      -2      
7	3        1.5         -1.5        3      -3      
7	-1       1           -1          2      -2      
8 	1.234    0.01        -.01        .02    -.02    
8 	3.142    0           -.142       .1     -.2     
8 	0        .1          -.6         1      -1      
8 	3        .8          -.2         1      -2      
8	-.5      1           -1          2      -2      
8	5        5           -5          10     -10     
8	42       7           -6          8      -7      
8	.243     .5          -.4         .51    -.41    
8	2.6666   .333333     -.333333    .66666 -.66666 
8	0        5           -5          5.0001 -5.0001 
8	5        .001        -.001       .01    -.01    
8	12       .1          -.1         .2     -.2     
8	1        .5          -.5         .75    -.75    
8	2        1           -1          2      -2      
8	3        1.5         -1.5        3      -3      
8	-1       1           -1          2      -2      
9 	1.234    0.01        -.01        .02    -.02    
9 	3.142    0           -.142       .1     -.2     
9 	0        .1          -.6         1      -1      
9 	3        .8          -.2         1      -2      
9	-.5      1           -1          2      -2      
9	5        5           -5          10     -10     
9	42       7           -6          8      -7      
9	.243     .5          -.4         .51    -.41    
9	2.6666   .333333     -.333333    .66666 -.66666 
9	0        5           -5          5.0001 -5.0001 
9	5        .001        -.001       .01    -.01    
9	12       .1          -.1         .2     -.2     
9	1        .5          -.5         .75    -.75    
9	2        1           -1          2      -2      
9	3        1.5         -1.5        3      -3      
9	-1       1           -1          2      -2      
10 	1.234    0.01        -.01        .02    -.02    
10 	3.142    0           -.142       .1     -.2     
10 	0        .1          -.6         1      -1      
10 	3        .8          -.2         1      -2      
10	-.5      1           -1          2      -2      
10	5        5           -5          10     -10     
10	42       7           -6          8      -7      
10	.243     .5          -.4         .51    -.41    
10	2.6666   .333333     -.333333    .66666 -.66666 
10	0        5           -5          5.0001 -5.0001 
10	5        .001        -.001       .01    -.01    
10	12       .1          -.1         .2     -.2     
10	1        .5          -.5         .75    -.75    
10	2        1           -1          2      -2      
10	3        1.5         -1.5        3      -3      
10	-1       1           -1          2      -2      
11 	1.234    0.01        -.01        .02    -.02    
11 	3.142    0           -.142       .1     -.2     
11 	0        .1          -.6         1      -1      
11 	3        .8          -.2         1      -2      
11	-.5      1           -1          2      -2      
11	5        5           -5          10     -10     
11	42       7           -6          8      -7      
11	.243     .5          -.4         .51    -.41    
11	2.6666   .333333     -.333333    .66666 -.66666 
11	0        5           -5          5.0001 -5.0001 
11	5        .001        -.001       .01    -.01    
11	12       .1          -.1         .2     -.2     
11	1        .5          -.5         .75    -.75    
11	2        1           -1          2      -2      
11	3        1.5         -1.5        3      -3      
11	-1       1           -1          2      -2      
12 	1.234    0.01        -.01        .02    -.02    
12 	3.142    0           -.142       .1     -.2     
12 	0        .1          -.6         1      -1      
12 	3        .8          -.2         1      -2      
12	-.5      1           -1          2      -2      
12	5        5           -5          10     -10     
12	42       7           -6          8      -7      
12	.243     .5          -.4         .51    -.41    
12	2.6666   .333333     -.333333    .66666 -.66666 
12	0        5           -5          5.0001 -5.0001 
12	5        .001        -.001       .01    -.01    
12	12       .1          -.1         .2     -.2     
12	1        .5          -.5         .75    -.75    
12	2        1           -1          2      -2      
12	3        1.5         -1.5        3      -3      
12	-1       1           -1          2      -2      
13 	1.234    0.01        -.01        .02    -.02    
13 	3.142    0           -.142       .1     -.2     
13 	0        .1          -.6         1      -1      
13 	3        .8          -.2         1      -2      
13	-.5      1           -1          2      -2      
13	5        5           -5          10     -10     
13	42       7           -6          8      -7      
13	.243     .5          -.4         .51    -.41    
13	2.6666   .333333     -.333333    .66666 -.66666 
13	0        5           -5          5.0001 -5.0001 
13	5        .001        -.001       .01    -.01    
13	12       .1          -.1         .2     -.2     
13	1        .5          -.5         .75    -.75    
13	2        1           -1          2      -2      
13	3        1.5         -1.5        3      -3      
13	-1       1           -1          2      -2      
14 	1.234    0.01        -.01        .02    -.02    
14 	3.142    0           -.142       .1     -.2     
14 	0        .1          -.6         1      -1      
14 	3        .8          -.2         1      -2      
14	-.5      1           -1          2      -2      
14	5        5           -5          10     -10     
14	42       7           -6          8      -7      
14	.243     .5          -.4         .51    -.41    
14	2.6666   .333333     -.333333    .66666 -.66666 
14	0        5           -5          5.0001 -5.0001 
14	5        .001        -.001       .01    -.01    
14	12       .1          -.1         .2     -.2     
14	1        .5          -.5         .75    -.75    
14	2        1           -1          2      -2      
14	3        1.5         -1.5        3      -3      
14	-1       1           -1          2      -2      
15 	1.234    0.01        -.01        .02    -.02    
15 	3.142    0           -.142       .1     -.2     
15 	0        .1          -.6         1      -1      
15 	3        .8          -.2         1      -2      
15	-.5      1           -1          2      -2      
15	5        5           -5          10     -10     
15	42       7           -6          8      -7      
15	.243     .5          -.4         .51    -.41    
15	2.6666   .333333     -.333333    .66666 -.66666 
15	0        5           -5          5.0001 -5.0001 
15	5        .001        -.001       .01    -.01    
15	12       .1          -.1         .2     -.2     
15	1        .5          -.5         .75    -.75    
15	2        1           -1          2      -2      
15	3        1.5         -1.5        3      -3      
15	-1       1           -1          2      -2
      
