-100 -0.0500611
-99 -0.047619
-98 -0.047619
-97 -0.0500611
-96 -0.045177
-95 -0.040293
-94 -0.042735
-93 -0.032967
-92 -0.032967
-91 -0.035409
-90 -0.028083
-89 -0.025641
-88 -0.025641
-87 -0.025641
-86 -0.015873
-85 -0.013431
-84 -0.00854701
-83 -0.003663
-82 -0.00610501
-81 0.001221
-80 0.00610501
-79 0.010989
-78 0.013431
-77 0.020757
-76 0.028083
-75 0.040293
-74 0.040293
-73 0.0549451
-72 0.0598291
-71 0.0695971
-70 0.0744811
-69 0.0842491
-68 0.0915751
-67 0.101343
-66 0.120879
-65 0.128205
-64 0.147741
-63 0.157509
-62 0.177045
-61 0.189255
-60 0.201465
-59 0.218559
-58 0.238095
-57 0.252747
-56 0.279609
-55 0.301587
-54 0.326007
-53 0.350427
-52 0.367521
-51 0.399267
-50 0.423687
-49 0.455433
-48 0.487179
-47 0.518926
-46 0.553114
-45 0.582418
-44 0.623932
-43 0.660562
-42 0.697192
-41 0.736264
-40 0.782662
-39 0.82906
-38 0.868132
-37 0.919414
-36 0.96337
-35 1.01709
-34 1.06838
-33 1.12454
-32 1.18071
-31 1.24664
-30 1.29304
-29 1.35653
-28 1.41026
-27 1.46398
-26 1.52503
-25 1.57875
-24 1.64225
-23 1.69841
-22 1.7619
-21 1.82051
-20 1.86691
-19 1.92063
-18 1.97436
-17 2.02076
-16 2.07937
-15 2.12821
-14 2.1746
-13 2.21368
-12 2.26007
-11 2.2967
-10 2.32357
-9 2.36508
-8 2.40171
-7 2.42369
-6 2.45299
-5 2.46764
-4 2.48718
-3 2.50916
-2 2.52137
-1 2.52137
0 2.52869
1 2.52381
2 2.52869
3 2.52625
4 2.52625
5 2.5116
6 2.48962
7 2.4823
8 2.45543
9 2.44322
10 2.40904
11 2.38462
12 2.35287
13 2.31868
14 2.27717
15 2.24298
16 2.19902
17 2.15263
18 2.11355
19 2.06471
20 2.02808
21 1.98413
22 1.93284
23 1.884
24 1.8254
25 1.77167
26 1.71551
27 1.65934
28 1.60562
29 1.54457
30 1.49573
31 1.43956
32 1.38828
33 1.34432
34 1.28327
35 1.22466
36 1.17094
37 1.12454
38 1.07814
39 1.02442
40 0.982906
41 0.941392
42 0.894994
43 0.855922
44 0.807082
45 0.76801
46 0.724054
47 0.689866
48 0.655678
49 0.619048
50 0.594628
51 0.555556
52 0.526252
53 0.499389
54 0.470085
55 0.450549
56 0.421245
57 0.396825
58 0.377289
59 0.352869
60 0.340659
61 0.321123
62 0.304029
63 0.284493
64 0.269841
65 0.257631
66 0.238095
67 0.225885
68 0.211233
69 0.196581
70 0.189255
71 0.177045
72 0.162393
73 0.164835
74 0.152625
75 0.142857
76 0.130647
77 0.123321
78 0.118437
79 0.106227
80 0.106227
81 0.0989011
82 0.0891331
83 0.0866911
84 0.0842491
85 0.0573871
86 0.0720391
87 0.0695971
88 0.0647131
89 0.0622711
90 0.0573871
91 0.0549451
92 0.0525031
93 0.0500611
94 0.040293
95 0.047619
96 0.037851
97 0.035409
98 0.037851
99 0.042735
100 0.042735
