300 0.0769231
301 0.0793651
302 0.0720391
303 0.0720391
304 0.0793651
305 0.0671551
306 0.0769231
307 0.0720391
308 0.0695971
309 0.0720391
310 0.0769231
311 0.0720391
312 0.0720391
313 0.0622711
314 0.0671551
315 0.0695971
316 0.0573871
317 0.0647131
318 0.0598291
319 0.0598291
320 0.0500611
321 0.0500611
322 0.042735
323 0.040293
324 0.028083
325 0.025641
326 0.015873
327 0.013431
328 0.00610501
329 -0.00854701
330 -0.010989
331 -0.028083
332 -0.025641
333 -0.042735
334 -0.042735
335 -0.0695971
336 -0.0720391
337 -0.103785
338 -0.120879
339 -0.125763
340 -0.157509
341 -0.172161
342 -0.213675
343 -0.213675
344 -0.284493
345 -0.294261
346 -0.313797
347 -0.413919
348 -0.411477
349 -0.404151
350 -0.533578
351 -0.52381
352 -0.531136
353 -0.643468
354 -0.653236
355 -0.775336
356 -0.772894
357 -0.789988
358 -0.936508
359 -0.941392
360 -1.03419
361 -1.03175
362 -1.1978
363 -1.19048
364 -1.36386
365 -1.35409
366 -1.38584
367 -1.63736
368 -1.63492
369 -1.63004
370 -1.66422
371 -1.92308
372 -1.92308
373 -1.92063
374 -1.91819
375 -2.16484
376 -2.16239
377 -2.16239
378 -2.17216
379 -2.37973
380 -2.38706
381 -2.38706
382 -2.38462
383 -2.57509
384 -2.58486
385 -2.57509
386 -2.57998
387 -2.57753
388 -2.74115
389 -2.74115
390 -2.73871
391 -2.72894
392 -2.73871
393 -2.75824
394 -2.77045
395 -2.82662
396 -2.82173
397 -2.82418
398 -2.83394
399 -2.85592
400 -2.85104
401 -2.85348
402 -2.87057
403 -2.87302
404 -2.87302
405 -2.88523
406 -2.88767
407 -2.88767
408 -2.88767
409 -2.89011
410 -2.89011
411 -2.8779
412 -2.86813
413 -2.84371
414 -2.85592
415 -2.83394
416 -2.83394
417 -2.83394
418 -2.81685
419 -2.82418
420 -2.82906
421 -2.82662
422 -2.82418
423 -2.82906
424 -2.81929
425 -2.82906
426 -2.82906
427 -2.82906
428 -2.81929
429 -2.81685
430 -2.82906
431 -2.82173
432 -2.81685
433 -2.82662
434 -2.81929
435 -2.82906
436 -2.82173
437 -2.81929
438 -2.82173
439 -2.81685
440 -2.82906
441 -2.81197
442 -2.82418
443 -2.81929
444 -2.82906
445 -2.81685
446 -2.82173
447 -2.80952
448 -2.82418
449 -2.81685
450 -2.82662
451 -2.81685
452 -2.82418
453 -2.81441
454 -2.81685
455 -2.80464
456 -2.83394
457 -2.81685
458 -2.81685
459 -2.82418
460 -2.81441
461 -2.80708
462 -2.7851
463 -2.78266
464 -2.76801
465 -2.75092
466 -2.72894
467 -2.7265
468 -2.68987
469 -2.68742
470 -2.60684
471 -2.59463
472 -2.6044
473 -2.59707
474 -2.49695
475 -2.48962
476 -2.48962
477 -2.45543
478 -2.43834
479 -2.32845
480 -2.32357
481 -2.32845
482 -2.20879
483 -2.23077
484 -2.16484
485 -2.10623
486 -2.08425
487 -1.95971
488 -1.95971
489 -1.89866
490 -1.83516
491 -1.79609
492 -1.65201
493 -1.65201
494 -1.59096
495 -1.51038
496 -1.5177
497 -1.40293
498 -1.24908
499 -1.27106
500 -1.25641
501 -1.13187
502 -1.08547
503 -0.992674
504 -0.995116
505 -0.843712
506 -0.84127
507 -0.836386
508 -0.711844
509 -0.709402
510 -0.606838
511 -0.611722
512 -0.509158
513 -0.516484
514 -0.455433
515 -0.462759
516 -0.399267
517 -0.347985
518 -0.350427
519 -0.299145
520 -0.262515
521 -0.247863
522 -0.208791
523 -0.201465
524 -0.169719
525 -0.164835
526 -0.135531
527 -0.113553
528 -0.106227
529 -0.0842491
530 -0.0695971
531 -0.0647131
532 -0.037851
533 -0.045177
534 -0.025641
535 -0.015873
536 -0.015873
537 0.003663
538 0.00610501
539 0.010989
540 0.015873
541 0.023199
542 0.028083
543 0.042735
544 0.045177
545 0.0500611
546 0.0549451
547 0.0549451
548 0.0525031
549 0.0647131
550 0.0622711
551 0.0573871
552 0.0695971
553 0.0671551
554 0.0744811
555 0.0622711
556 0.0671551
557 0.0720391
558 0.0769231
559 0.0769231
560 0.0695971
561 0.0818071
562 0.0744811
563 0.0793651
564 0.0793651
565 0.0744811
566 0.0720391
567 0.0793651
568 0.0695971
569 0.0744811
570 0.0818071
571 0.0744811
572 0.0671551
573 0.0769231
574 0.0744811
575 0.0769231
576 0.0695971
577 0.0695971
578 0.0793651
579 0.0671551
580 0.0720391
581 0.0793651
582 0.0647131
583 0.0695971
584 0.0695971
585 0.0720391
586 0.0671551
587 0.0769231
588 0.0695971
589 0.0647131
590 0.0744811
591 0.0671551
592 0.0647131
593 0.0622711
594 0.0647131
595 0.0695971
596 0.0671551
597 0.0622711
598 0.0622711
599 0.0647131
600 0.0622711
