-100 -0.040293
-99 -0.042735
-98 -0.042735
-97 -0.0622711
-96 -0.0647131
-95 -0.0647131
-94 -0.0866911
-93 -0.0818071
-92 -0.0989011
-91 -0.0989011
-90 -0.128205
-89 -0.125763
-88 -0.155067
-87 -0.157509
-86 -0.181929
-85 -0.203907
-84 -0.223443
-83 -0.223443
-82 -0.267399
-81 -0.286935
-80 -0.316239
-79 -0.343101
-78 -0.379731
-77 -0.416361
-76 -0.457875
-75 -0.482295
-74 -0.538462
-73 -0.587302
-72 -0.655678
-71 -0.702076
-70 -0.74359
-69 -0.82906
-68 -0.904762
-67 -0.982906
-66 -1.07082
-65 -1.1514
-64 -1.23443
-63 -1.35897
-62 -1.46642
-61 -1.56166
-60 -1.67643
-59 -1.78144
-58 -1.90354
-57 -2.01343
-56 -2.13797
-55 -2.25031
-54 -2.36508
-53 -2.4652
-52 -2.57998
-51 -2.68742
-50 -2.76801
-49 -2.85348
-48 -2.93407
-47 -2.99512
-46 -3.06838
-45 -3.10012
-44 -3.12698
-43 -3.15385
-42 -3.1685
-41 -3.14408
-40 -3.1221
-39 -3.09524
-38 -3.04151
-37 -2.98046
-36 -2.9072
-35 -2.81197
-34 -2.70208
-33 -2.56777
-32 -2.4359
-31 -2.28205
-30 -2.10379
-29 -1.92552
-28 -1.71306
-27 -1.52747
-26 -1.28571
-25 -1.0757
-24 -0.838828
-23 -0.626374
-22 -0.367521
-21 -0.181929
-20 0.150183
-19 0.223443
-18 0.550672
-17 0.782662
-16 1.00488
-15 1.12943
-14 1.42979
-13 1.50305
-12 1.8083
-11 1.81319
-10 2.18437
-9 2.1746
-8 2.33822
-7 2.33822
-6 2.57753
-5 2.57265
-4 2.68498
-3 2.68987
-2 2.76068
-1 2.75824
0 2.76801
1 2.77778
2 2.75336
3 2.73382
4 2.66789
5 2.65079
6 2.57265
7 2.47741
8 2.40659
9 2.32601
10 2.25031
11 2.02076
12 2.04029
13 1.89866
14 1.74481
15 1.72772
16 1.50549
17 1.52259
18 1.31502
19 1.30281
20 1.07814
21 1.0928
22 0.941392
23 0.941392
24 0.785104
25 0.789988
26 0.677656
27 0.616606
28 0.562882
29 0.528694
30 0.428571
31 0.440781
32 0.362637
33 0.362637
34 0.301587
35 0.304029
36 0.267399
37 0.272283
38 0.223443
39 0.221001
40 0.186813
41 0.194139
42 0.159951
43 0.159951
44 0.140415
45 0.137973
46 0.118437
47 0.115995
48 0.0989011
49 0.0989011
50 0.0866911
51 0.0866911
52 0.0769231
53 0.0671551
54 0.0671551
55 0.0695971
56 0.0549451
57 0.0573871
58 0.0549451
59 0.0500611
60 0.047619
61 0.045177
62 0.045177
63 0.037851
64 0.035409
65 0.035409
66 0.030525
67 0.035409
68 0.030525
69 0.028083
70 0.028083
71 0.028083
72 0.028083
73 0.025641
74 0.028083
75 0.023199
76 0.025641
77 0.025641
78 0.020757
79 0.020757
80 0.020757
